-0.424213 -0.424213 -0.424213 -0.424213 -0.424213 -0.424213 -0.424213 -0.424213 -0.424213 -0.424213 -0.424213 -0.424213 -0.424213 -0.424213 -0.424213 -0.424213 -0.424213 -0.424213 -0.424213 -0.424213 -0.424213 -0.424213 -0.424213 -0.424213 -0.424213 -0.424213 -0.424213 -0.424213 -0.424213 -0.424213 -0.424213 -0.424213
-0.424213 -0.424213 -0.424213 -0.424213 -0.424213 -0.424213 -0.424213 -0.424213 -0.424213 -0.424213 -0.424213 -0.424213 -0.424213 -0.424213 -0.424213 -0.424213 -0.424213 -0.424213 -0.424213 -0.424213 -0.424213 -0.424213 -0.424213 -0.424213 -0.424213 -0.424213 -0.424213 -0.424213 -0.424213 -0.424213 -0.424213 -0.424213
-0.424213 -0.424213 -0.424213 -0.424213 -0.424213 -0.424213 -0.424213 -0.424213 -0.424213 -0.424213 -0.424213 -0.424213 -0.424213 -0.424213 -0.424213 -0.424213 -0.424213 -0.424213 -0.424213 -0.424213 -0.424213 -0.424213 -0.424213 -0.424213 -0.424213 -0.424213 -0.424213 -0.424213 -0.424213 -0.424213 -0.424213 -0.424213
-0.424213 -0.424213 -0.424213 -0.424213 -0.424213 -0.424213 -0.424213 -0.424213 -0.424213 -0.424213 -0.424213 -0.424213 -0.424213 -0.424213 -0.424213 -0.424213 -0.424213 -0.424213 -0.424213 -0.424213 -0.424213 -0.424213 -0.424213 -0.424213 -0.424213 -0.424213 -0.424213 -0.424213 -0.424213 -0.424213 -0.424213 -0.424213
-0.424213 -0.424213 -0.424213 -0.424213 -0.424213 -0.424213 -0.424213 -0.424213 -0.016909 2.375998 1.815956 -0.424213 -0.424213 -0.424213 -0.424213 -0.424213 -0.424213 -0.424213 -0.424213 -0.424213 -0.424213 -0.424213 -0.424213 -0.424213 -0.424213 -0.424213 -0.424213 -0.424213 -0.424213 -0.424213 -0.424213 -0.424213
-0.424213 -0.424213 -0.424213 -0.424213 -0.424213 -0.424213 -0.424213 -0.424213 0.886795 1.828685 1.752315 -0.424213 -0.424213 -0.424213 -0.424213 -0.424213 -0.424213 -0.424213 -0.424213 -0.424213 -0.424213 -0.424213 -0.424213 -0.424213 -0.424213 -0.424213 -0.424213 -0.424213 -0.424213 -0.424213 -0.424213 -0.424213
-0.424213 -0.424213 -0.424213 -0.424213 -0.424213 -0.424213 -0.424213 -0.424213 1.217729 2.541466 0.988621 -0.424213 -0.424213 -0.424213 -0.424213 -0.424213 -0.424213 -0.424213 -0.424213 -0.424213 -0.424213 -0.424213 -0.424213 -0.424213 -0.424213 -0.424213 -0.424213 -0.424213 -0.424213 -0.424213 -0.424213 -0.424213
-0.424213 -0.424213 -0.424213 -0.424213 -0.424213 -0.424213 -0.424213 -0.424213 0.135829 2.299629 0.504948 -0.424213 -0.424213 -0.424213 -0.424213 -0.424213 -0.424213 -0.424213 -0.424213 -0.424213 -0.424213 -0.424213 -0.424213 -0.424213 -0.424213 -0.424213 -0.424213 -0.424213 -0.424213 -0.424213 -0.424213 -0.424213
-0.424213 -0.424213 -0.424213 -0.424213 -0.424213 -0.424213 -0.424213 -0.424213 0.364938 2.045064 2.706933 -0.424213 -0.398757 -0.411485 -0.424213 -0.424213 -0.424213 -0.424213 -0.424213 -0.424213 -0.424213 -0.424213 -0.424213 -0.424213 -0.424213 -0.424213 -0.411485 -0.424213 -0.424213 -0.424213 -0.424213 -0.424213
-0.424213 -0.424213 -0.424213 -0.424213 -0.424213 -0.424213 -0.424213 -0.424213 0.530405 1.994152 2.681476 1.408653 1.879597 1.039534 0.708600 1.115903 1.192273 0.288568 0.288568 0.008547 0.046732 1.166816 1.128631 1.586848 2.261444 2.796030 -0.424213 -0.424213 -0.424213 -0.424213 -0.424213 -0.424213
-0.424213 -0.424213 -0.424213 -0.424213 -0.424213 -0.424213 -0.424213 -0.424213 0.186742 2.185075 0.390394 2.312357 1.866869 2.808758 2.337814 2.821487 2.821487 2.617835 2.821487 2.821487 2.643291 2.668748 2.796030 2.350542 2.337814 2.745117 -0.424213 -0.424213 -0.424213 -0.424213 -0.424213 -0.424213
-0.424213 -0.424213 -0.424213 -0.424213 -0.424213 -0.424213 -0.424213 -0.424213 0.734056 2.337814 2.235988 0.950436 1.154088 1.166816 0.886795 1.294099 1.790500 1.548663 1.726859 2.808758 2.134162 1.930510 1.752315 1.790500 0.988621 0.339481 -0.411485 -0.424213 -0.424213 -0.424213 -0.424213 -0.424213
-0.424213 -0.424213 -0.424213 -0.424213 -0.424213 -0.424213 -0.424213 -0.424213 -0.309659 2.668748 2.159619 0.657687 -0.424213 -0.424213 -0.424213 -0.424213 -0.424213 -0.424213 -0.424213 -0.424213 -0.424213 -0.424213 -0.424213 -0.424213 -0.424213 -0.424213 -0.424213 -0.424213 -0.424213 -0.424213 -0.424213 -0.424213
-0.424213 -0.424213 -0.424213 -0.424213 -0.424213 -0.424213 -0.424213 -0.424213 -0.411485 0.746785 2.821487 2.121434 -0.424213 -0.424213 -0.424213 -0.424213 -0.424213 -0.424213 -0.424213 -0.424213 -0.424213 -0.424213 -0.424213 -0.424213 -0.424213 -0.424213 -0.424213 -0.424213 -0.424213 -0.424213 -0.424213 -0.424213
-0.424213 -0.424213 -0.424213 -0.424213 -0.424213 -0.424213 -0.424213 -0.424213 -0.424213 -0.373300 2.681476 1.930510 -0.424213 -0.424213 -0.424213 -0.424213 -0.424213 -0.424213 -0.424213 -0.424213 -0.424213 -0.424213 -0.424213 -0.424213 -0.424213 -0.424213 -0.424213 -0.424213 -0.424213 -0.424213 -0.424213 -0.424213
-0.424213 -0.424213 -0.424213 -0.424213 -0.424213 -0.424213 -0.424213 -0.424213 -0.424213 -0.309659 2.668748 1.179544 -0.424213 -0.424213 -0.424213 -0.411485 -0.424213 -0.373300 -0.373300 -0.424213 -0.424213 -0.424213 -0.424213 -0.424213 -0.424213 -0.424213 -0.424213 -0.424213 -0.424213 -0.424213 -0.424213 -0.424213
-0.424213 -0.424213 -0.424213 -0.424213 -0.424213 -0.424213 -0.424213 -0.424213 -0.424213 -0.347844 2.732389 2.808758 0.364938 2.541466 2.579650 2.350542 2.045064 2.821487 2.490553 1.268642 2.452368 1.243186 -0.373300 -0.411485 -0.424213 -0.424213 -0.424213 -0.424213 -0.424213 -0.424213 -0.424213 -0.424213
-0.424213 -0.424213 -0.424213 -0.424213 -0.424213 -0.424213 -0.424213 -0.424213 -0.424213 -0.398757 2.426911 2.719661 2.286901 1.688674 1.777772 2.337814 1.472294 2.172347 2.452368 2.770574 2.032336 2.019608 1.854141 0.390394 -0.424213 -0.424213 -0.424213 -0.424213 -0.424213 -0.424213 -0.424213 -0.424213
-0.424213 -0.424213 -0.424213 -0.424213 -0.424213 -0.424213 -0.424213 -0.424213 -0.424213 -0.424213 -0.424213 0.250383 0.237655 1.039534 0.364938 0.008547 -0.424213 -0.156920 -0.347844 -0.411485 0.734056 2.821487 1.485022 2.528737 0.212199 -0.424213 -0.424213 -0.424213 -0.424213 -0.424213 -0.424213 -0.424213
-0.424213 -0.424213 -0.424213 -0.424213 -0.424213 -0.424213 -0.424213 -0.424213 -0.424213 -0.424213 -0.424213 -0.424213 -0.424213 -0.424213 -0.424213 -0.424213 -0.424213 -0.424213 -0.424213 -0.424213 -0.424213 -0.424213 1.663218 2.299629 1.841413 -0.398757 -0.424213 -0.424213 -0.424213 -0.424213 -0.424213 -0.424213
-0.424213 -0.424213 -0.424213 -0.424213 -0.424213 -0.424213 -0.424213 -0.424213 -0.424213 -0.424213 -0.424213 -0.424213 -0.424213 -0.424213 -0.424213 -0.424213 -0.424213 -0.424213 -0.424213 -0.424213 -0.424213 -0.424213 -0.182377 2.159619 1.828685 -0.258746 -0.424213 -0.424213 -0.424213 -0.424213 -0.424213 -0.424213
-0.424213 -0.424213 -0.424213 -0.424213 -0.424213 -0.424213 -0.424213 -0.424213 -0.424213 -0.424213 -0.042366 -0.233289 -0.424213 -0.424213 -0.424213 -0.424213 -0.424213 -0.424213 -0.424213 -0.424213 -0.424213 -0.424213 -0.386028 2.757846 1.981423 -0.386028 -0.424213 -0.424213 -0.424213 -0.424213 -0.424213 -0.424213
-0.424213 -0.424213 -0.424213 -0.424213 -0.424213 -0.424213 -0.424213 -0.424213 -0.424213 -0.424213 1.828685 2.706933 2.808758 0.581318 -0.424213 -0.424213 -0.424213 -0.424213 -0.424213 -0.424213 -0.424213 0.504948 2.414183 1.828685 2.261444 -0.424213 -0.424213 -0.424213 -0.424213 -0.424213 -0.424213 -0.424213
-0.424213 -0.424213 -0.424213 -0.424213 -0.424213 -0.424213 -0.424213 -0.424213 -0.424213 -0.424213 -0.411485 1.586848 0.810426 2.821487 2.566922 0.288568 0.683143 -0.284202 -0.424213 -0.424213 1.828685 2.783302 2.821487 2.579650 -0.233289 -0.424213 -0.424213 -0.424213 -0.424213 -0.424213 -0.424213 -0.424213
-0.424213 -0.424213 -0.424213 -0.424213 -0.424213 -0.424213 -0.424213 -0.424213 -0.424213 -0.424213 -0.424213 -0.093279 -0.055094 2.286901 2.605107 2.159619 2.490553 1.459566 2.057793 2.757846 2.808758 2.643291 1.014077 -0.284202 -0.424213 -0.424213 -0.424213 -0.424213 -0.424213 -0.424213 -0.424213 -0.424213
-0.424213 -0.424213 -0.424213 -0.424213 -0.424213 -0.424213 -0.424213 -0.424213 -0.424213 -0.424213 -0.424213 -0.424213 -0.424213 -0.373300 0.988621 0.619502 1.663218 2.770574 2.821487 2.732389 0.937708 -0.373300 -0.424213 -0.424213 -0.424213 -0.424213 -0.424213 -0.424213 -0.424213 -0.424213 -0.424213 -0.424213
-0.424213 -0.424213 -0.424213 -0.424213 -0.424213 -0.424213 -0.424213 -0.424213 -0.424213 -0.424213 -0.424213 -0.424213 -0.424213 -0.424213 -0.424213 -0.411485 -0.424213 -0.398757 -0.169648 0.912252 -0.335115 -0.424213 -0.424213 -0.424213 -0.424213 -0.424213 -0.424213 -0.424213 -0.424213 -0.424213 -0.424213 -0.424213
-0.424213 -0.424213 -0.424213 -0.424213 -0.424213 -0.424213 -0.424213 -0.424213 -0.424213 -0.424213 -0.424213 -0.424213 -0.424213 -0.424213 -0.424213 -0.424213 -0.424213 -0.424213 -0.424213 -0.424213 -0.424213 -0.424213 -0.424213 -0.424213 -0.424213 -0.424213 -0.424213 -0.424213 -0.424213 -0.424213 -0.424213 -0.424213
-0.424213 -0.424213 -0.424213 -0.424213 -0.424213 -0.424213 -0.424213 -0.424213 -0.424213 -0.424213 -0.424213 -0.424213 -0.424213 -0.424213 -0.424213 -0.424213 -0.424213 -0.424213 -0.424213 -0.424213 -0.424213 -0.424213 -0.424213 -0.424213 -0.424213 -0.424213 -0.424213 -0.424213 -0.424213 -0.424213 -0.424213 -0.424213
-0.424213 -0.424213 -0.424213 -0.424213 -0.424213 -0.424213 -0.424213 -0.424213 -0.424213 -0.424213 -0.424213 -0.424213 -0.424213 -0.424213 -0.424213 -0.424213 -0.424213 -0.424213 -0.424213 -0.424213 -0.424213 -0.424213 -0.424213 -0.424213 -0.424213 -0.424213 -0.424213 -0.424213 -0.424213 -0.424213 -0.424213 -0.424213
-0.424213 -0.424213 -0.424213 -0.424213 -0.424213 -0.424213 -0.424213 -0.424213 -0.424213 -0.424213 -0.424213 -0.424213 -0.424213 -0.424213 -0.424213 -0.424213 -0.424213 -0.424213 -0.424213 -0.424213 -0.424213 -0.424213 -0.424213 -0.424213 -0.424213 -0.424213 -0.424213 -0.424213 -0.424213 -0.424213 -0.424213 -0.424213
-0.424213 -0.424213 -0.424213 -0.424213 -0.424213 -0.424213 -0.424213 -0.424213 -0.424213 -0.424213 -0.424213 -0.424213 -0.424213 -0.424213 -0.424213 -0.424213 -0.424213 -0.424213 -0.424213 -0.424213 -0.424213 -0.424213 -0.424213 -0.424213 -0.424213 -0.424213 -0.424213 -0.424213 -0.424213 -0.424213 -0.424213 -0.424213
