-0.424213 -0.424213 -0.424213 -0.424213 -0.424213 -0.424213 -0.424213 -0.424213 -0.424213 -0.424213 -0.424213 -0.424213 -0.424213 -0.424213 -0.424213 -0.424213 -0.424213 -0.424213 -0.424213 -0.424213 -0.424213 -0.424213 -0.424213 -0.424213 -0.424213 -0.424213 -0.424213 -0.424213 -0.424213 -0.424213 -0.424213 -0.424213
-0.424213 -0.424213 -0.424213 -0.424213 -0.424213 -0.424213 -0.424213 -0.424213 -0.424213 -0.424213 -0.424213 -0.424213 -0.424213 -0.424213 -0.424213 -0.424213 -0.424213 -0.424213 -0.424213 -0.424213 -0.424213 -0.424213 -0.424213 -0.424213 -0.424213 -0.424213 -0.424213 -0.424213 -0.424213 -0.424213 -0.424213 -0.424213
-0.424213 -0.424213 -0.424213 -0.424213 -0.424213 -0.424213 -0.424213 -0.424213 -0.424213 -0.424213 -0.424213 -0.424213 -0.424213 -0.424213 -0.424213 -0.424213 -0.424213 -0.424213 -0.424213 -0.424213 -0.424213 -0.424213 -0.424213 -0.424213 -0.424213 -0.424213 -0.424213 -0.424213 -0.424213 -0.424213 -0.424213 -0.424213
-0.424213 -0.424213 -0.424213 -0.424213 -0.424213 -0.424213 -0.424213 -0.424213 -0.424213 -0.424213 -0.424213 -0.424213 -0.424213 -0.424213 -0.424213 -0.424213 -0.424213 -0.424213 -0.424213 -0.424213 -0.424213 -0.424213 -0.424213 -0.424213 -0.424213 -0.424213 -0.424213 -0.424213 -0.424213 -0.424213 -0.424213 -0.424213
-0.424213 -0.424213 -0.424213 -0.424213 -0.424213 -0.424213 -0.424213 -0.424213 -0.424213 -0.424213 -0.424213 -0.424213 -0.424213 -0.424213 -0.424213 -0.424213 -0.424213 -0.424213 -0.424213 -0.424213 -0.424213 -0.424213 -0.424213 -0.424213 -0.424213 -0.424213 -0.424213 -0.424213 -0.424213 -0.424213 -0.424213 -0.424213
-0.424213 -0.424213 -0.424213 -0.424213 -0.424213 -0.424213 -0.424213 -0.424213 -0.424213 -0.424213 -0.424213 -0.424213 -0.424213 -0.424213 -0.424213 -0.424213 -0.424213 -0.424213 -0.424213 -0.424213 -0.424213 -0.424213 -0.424213 -0.424213 -0.424213 -0.424213 -0.424213 -0.424213 -0.424213 -0.424213 -0.424213 -0.424213
-0.424213 -0.424213 -0.424213 -0.424213 -0.424213 -0.424213 -0.424213 -0.424213 -0.424213 -0.424213 -0.424213 -0.424213 -0.424213 -0.424213 -0.424213 -0.424213 -0.424213 -0.424213 -0.424213 -0.424213 -0.424213 -0.424213 -0.424213 -0.424213 -0.424213 -0.424213 -0.424213 -0.424213 -0.424213 -0.424213 -0.424213 -0.424213
-0.424213 -0.424213 -0.424213 -0.424213 -0.424213 -0.424213 -0.424213 -0.424213 -0.424213 -0.424213 -0.424213 -0.424213 -0.424213 -0.424213 -0.424213 -0.424213 -0.424213 -0.424213 -0.424213 -0.424213 -0.424213 -0.424213 -0.424213 -0.424213 -0.424213 -0.424213 -0.424213 -0.424213 -0.424213 -0.424213 -0.424213 -0.424213
-0.424213 -0.424213 -0.424213 -0.424213 -0.016909 0.886795 1.217729 0.135829 0.364938 0.530405 0.186742 0.734056 -0.309659 -0.411485 -0.424213 -0.424213 -0.424213 -0.424213 -0.424213 -0.424213 -0.424213 -0.424213 -0.424213 -0.424213 -0.424213 -0.424213 -0.424213 -0.424213 -0.424213 -0.424213 -0.424213 -0.424213
-0.424213 -0.424213 -0.424213 -0.424213 2.375998 1.828685 2.541466 2.299629 2.045064 1.994152 2.185075 2.337814 2.668748 0.746785 -0.373300 -0.309659 -0.347844 -0.398757 -0.424213 -0.424213 -0.424213 -0.424213 -0.424213 -0.424213 -0.424213 -0.424213 -0.424213 -0.424213 -0.424213 -0.424213 -0.424213 -0.424213
-0.424213 -0.424213 -0.424213 -0.424213 1.815956 1.752315 0.988621 0.504948 2.706933 2.681476 0.390394 2.235988 2.159619 2.821487 2.681476 2.668748 2.732389 2.426911 -0.424213 -0.424213 -0.424213 -0.042366 1.828685 -0.411485 -0.424213 -0.424213 -0.424213 -0.424213 -0.424213 -0.424213 -0.424213 -0.424213
-0.424213 -0.424213 -0.424213 -0.424213 -0.424213 -0.424213 -0.424213 -0.424213 -0.424213 1.408653 2.312357 0.950436 0.657687 2.121434 1.930510 1.179544 2.808758 2.719661 0.250383 -0.424213 -0.424213 -0.233289 2.706933 1.586848 -0.093279 -0.424213 -0.424213 -0.424213 -0.424213 -0.424213 -0.424213 -0.424213
-0.424213 -0.424213 -0.424213 -0.424213 -0.424213 -0.424213 -0.424213 -0.424213 -0.398757 1.879597 1.866869 1.154088 -0.424213 -0.424213 -0.424213 -0.424213 0.364938 2.286901 0.237655 -0.424213 -0.424213 -0.424213 2.808758 0.810426 -0.055094 -0.424213 -0.424213 -0.424213 -0.424213 -0.424213 -0.424213 -0.424213
-0.424213 -0.424213 -0.424213 -0.424213 -0.424213 -0.424213 -0.424213 -0.424213 -0.411485 1.039534 2.808758 1.166816 -0.424213 -0.424213 -0.424213 -0.424213 2.541466 1.688674 1.039534 -0.424213 -0.424213 -0.424213 0.581318 2.821487 2.286901 -0.373300 -0.424213 -0.424213 -0.424213 -0.424213 -0.424213 -0.424213
-0.424213 -0.424213 -0.424213 -0.424213 -0.424213 -0.424213 -0.424213 -0.424213 -0.424213 0.708600 2.337814 0.886795 -0.424213 -0.424213 -0.424213 -0.424213 2.579650 1.777772 0.364938 -0.424213 -0.424213 -0.424213 -0.424213 2.566922 2.605107 0.988621 -0.424213 -0.424213 -0.424213 -0.424213 -0.424213 -0.424213
-0.424213 -0.424213 -0.424213 -0.424213 -0.424213 -0.424213 -0.424213 -0.424213 -0.424213 1.115903 2.821487 1.294099 -0.424213 -0.424213 -0.424213 -0.411485 2.350542 2.337814 0.008547 -0.424213 -0.424213 -0.424213 -0.424213 0.288568 2.159619 0.619502 -0.411485 -0.424213 -0.424213 -0.424213 -0.424213 -0.424213
-0.424213 -0.424213 -0.424213 -0.424213 -0.424213 -0.424213 -0.424213 -0.424213 -0.424213 1.192273 2.821487 1.790500 -0.424213 -0.424213 -0.424213 -0.424213 2.045064 1.472294 -0.424213 -0.424213 -0.424213 -0.424213 -0.424213 0.683143 2.490553 1.663218 -0.424213 -0.424213 -0.424213 -0.424213 -0.424213 -0.424213
-0.424213 -0.424213 -0.424213 -0.424213 -0.424213 -0.424213 -0.424213 -0.424213 -0.424213 0.288568 2.617835 1.548663 -0.424213 -0.424213 -0.424213 -0.373300 2.821487 2.172347 -0.156920 -0.424213 -0.424213 -0.424213 -0.424213 -0.284202 1.459566 2.770574 -0.398757 -0.424213 -0.424213 -0.424213 -0.424213 -0.424213
-0.424213 -0.424213 -0.424213 -0.424213 -0.424213 -0.424213 -0.424213 -0.424213 -0.424213 0.288568 2.821487 1.726859 -0.424213 -0.424213 -0.424213 -0.373300 2.490553 2.452368 -0.347844 -0.424213 -0.424213 -0.424213 -0.424213 -0.424213 2.057793 2.821487 -0.169648 -0.424213 -0.424213 -0.424213 -0.424213 -0.424213
-0.424213 -0.424213 -0.424213 -0.424213 -0.424213 -0.424213 -0.424213 -0.424213 -0.424213 0.008547 2.821487 2.808758 -0.424213 -0.424213 -0.424213 -0.424213 1.268642 2.770574 -0.411485 -0.424213 -0.424213 -0.424213 -0.424213 -0.424213 2.757846 2.732389 0.912252 -0.424213 -0.424213 -0.424213 -0.424213 -0.424213
-0.424213 -0.424213 -0.424213 -0.424213 -0.424213 -0.424213 -0.424213 -0.424213 -0.424213 0.046732 2.643291 2.134162 -0.424213 -0.424213 -0.424213 -0.424213 2.452368 2.032336 0.734056 -0.424213 -0.424213 -0.424213 -0.424213 1.828685 2.808758 0.937708 -0.335115 -0.424213 -0.424213 -0.424213 -0.424213 -0.424213
-0.424213 -0.424213 -0.424213 -0.424213 -0.424213 -0.424213 -0.424213 -0.424213 -0.424213 1.166816 2.668748 1.930510 -0.424213 -0.424213 -0.424213 -0.424213 1.243186 2.019608 2.821487 -0.424213 -0.424213 -0.424213 0.504948 2.783302 2.643291 -0.373300 -0.424213 -0.424213 -0.424213 -0.424213 -0.424213 -0.424213
-0.424213 -0.424213 -0.424213 -0.424213 -0.424213 -0.424213 -0.424213 -0.424213 -0.424213 1.128631 2.796030 1.752315 -0.424213 -0.424213 -0.424213 -0.424213 -0.373300 1.854141 1.485022 1.663218 -0.182377 -0.386028 2.414183 2.821487 1.014077 -0.424213 -0.424213 -0.424213 -0.424213 -0.424213 -0.424213 -0.424213
-0.424213 -0.424213 -0.424213 -0.424213 -0.424213 -0.424213 -0.424213 -0.424213 -0.424213 1.586848 2.350542 1.790500 -0.424213 -0.424213 -0.424213 -0.424213 -0.411485 0.390394 2.528737 2.299629 2.159619 2.757846 1.828685 2.579650 -0.284202 -0.424213 -0.424213 -0.424213 -0.424213 -0.424213 -0.424213 -0.424213
-0.424213 -0.424213 -0.424213 -0.424213 -0.424213 -0.424213 -0.424213 -0.424213 -0.424213 2.261444 2.337814 0.988621 -0.424213 -0.424213 -0.424213 -0.424213 -0.424213 -0.424213 0.212199 1.841413 1.828685 1.981423 2.261444 -0.233289 -0.424213 -0.424213 -0.424213 -0.424213 -0.424213 -0.424213 -0.424213 -0.424213
-0.424213 -0.424213 -0.424213 -0.424213 -0.424213 -0.424213 -0.424213 -0.424213 -0.424213 2.796030 2.745117 0.339481 -0.424213 -0.424213 -0.424213 -0.424213 -0.424213 -0.424213 -0.424213 -0.398757 -0.258746 -0.386028 -0.424213 -0.424213 -0.424213 -0.424213 -0.424213 -0.424213 -0.424213 -0.424213 -0.424213 -0.424213
-0.424213 -0.424213 -0.424213 -0.424213 -0.424213 -0.424213 -0.424213 -0.424213 -0.411485 -0.424213 -0.424213 -0.411485 -0.424213 -0.424213 -0.424213 -0.424213 -0.424213 -0.424213 -0.424213 -0.424213 -0.424213 -0.424213 -0.424213 -0.424213 -0.424213 -0.424213 -0.424213 -0.424213 -0.424213 -0.424213 -0.424213 -0.424213
-0.424213 -0.424213 -0.424213 -0.424213 -0.424213 -0.424213 -0.424213 -0.424213 -0.424213 -0.424213 -0.424213 -0.424213 -0.424213 -0.424213 -0.424213 -0.424213 -0.424213 -0.424213 -0.424213 -0.424213 -0.424213 -0.424213 -0.424213 -0.424213 -0.424213 -0.424213 -0.424213 -0.424213 -0.424213 -0.424213 -0.424213 -0.424213
-0.424213 -0.424213 -0.424213 -0.424213 -0.424213 -0.424213 -0.424213 -0.424213 -0.424213 -0.424213 -0.424213 -0.424213 -0.424213 -0.424213 -0.424213 -0.424213 -0.424213 -0.424213 -0.424213 -0.424213 -0.424213 -0.424213 -0.424213 -0.424213 -0.424213 -0.424213 -0.424213 -0.424213 -0.424213 -0.424213 -0.424213 -0.424213
-0.424213 -0.424213 -0.424213 -0.424213 -0.424213 -0.424213 -0.424213 -0.424213 -0.424213 -0.424213 -0.424213 -0.424213 -0.424213 -0.424213 -0.424213 -0.424213 -0.424213 -0.424213 -0.424213 -0.424213 -0.424213 -0.424213 -0.424213 -0.424213 -0.424213 -0.424213 -0.424213 -0.424213 -0.424213 -0.424213 -0.424213 -0.424213
-0.424213 -0.424213 -0.424213 -0.424213 -0.424213 -0.424213 -0.424213 -0.424213 -0.424213 -0.424213 -0.424213 -0.424213 -0.424213 -0.424213 -0.424213 -0.424213 -0.424213 -0.424213 -0.424213 -0.424213 -0.424213 -0.424213 -0.424213 -0.424213 -0.424213 -0.424213 -0.424213 -0.424213 -0.424213 -0.424213 -0.424213 -0.424213
-0.424213 -0.424213 -0.424213 -0.424213 -0.424213 -0.424213 -0.424213 -0.424213 -0.424213 -0.424213 -0.424213 -0.424213 -0.424213 -0.424213 -0.424213 -0.424213 -0.424213 -0.424213 -0.424213 -0.424213 -0.424213 -0.424213 -0.424213 -0.424213 -0.424213 -0.424213 -0.424213 -0.424213 -0.424213 -0.424213 -0.424213 -0.424213
